1744969 100
71947610 101
  10018 36
  10630 37
  10527 38
  10375 39
  10572 40
  10493 41
  10624 42
  10774 43
  10879 44
  10471 45
  11021 46
  10854 47
  11086 48
  11249 49
  11069 50
  11414 51
  11571 52
  11463 53
  11729 54
  12019 55
  12040 56
  12275 57
  12702 58
  12829 59
  13604 60
  13339 61
  13977 62
  13599 63
  14548 64
  14614 65
  15365 66
  16375 67
  17901 68
  18862 69
  19761 70
  20978 71
  21296 72
  24280 73
  24833 74
  23587 75
  23703 76
  28347 77
  26541 78
  28183 79
  25734 80
  28063 81
  26808 82
  26783 83
  28638 84
  29668 85
  33044 86
  33753 87
  35109 88
  36289 89
  37804 90
  41138 91
  40849 92
  42936 93
  43911 94
  43973 95
  43818 96
  44203 97
  72032 98
 175064 99
