4010297 100
65598535 101
 176801 36
 158421 37
 141440 38
 112409 39
 102595 40
  89671 41
  82887 42
  75340 43
  72776 44
  72329 45
  68081 46
  69404 47
  68312 48
  67369 49
  65387 50
  65875 51
  65626 52
  66004 53
  66679 54
  69170 55
  70051 56
  71323 57
  74572 58
  76301 59
  76435 60
  78298 61
  77847 62
  79879 63
  77310 64
  77274 65
  77043 66
  78884 67
  77430 68
  77887 69
  79965 70
  97840 71
  80541 72
  82267 73
  77504 74
  73583 75
  69800 76
  83053 77
  70358 78
  70026 79
  66282 80
  63581 81
  65217 82
  67832 83
  67533 84
  69730 85
  71570 86
  72543 87
  73198 88
  75675 89
  76660 90
  80231 91
  80647 92
  85396 93
  84262 94
  83729 95
  88374 96
 105175 97
 157178 98
 488881 99
