 275528 100
10452987 101
   1668 36
   1789 37
   1710 38
   1853 39
   1864 40
   2011 41
   1936 42
   1854 43
   1716 44
   1716 45
   1839 46
   1727 47
   1771 48
   1782 49
   1748 50
   1861 51
   1922 52
   1908 53
   1973 54
   2017 55
   2161 56
   2120 57
   2099 58
   2145 59
   2138 60
   2130 61
   2227 62
   2236 63
   2267 64
   2285 65
   2485 66
   2508 67
   2822 68
   2886 69
   3070 70
   3471 71
   3477 72
   4038 73
   4700 74
  10913 75
  10301 76
  12563 77
  12497 78
  11318 79
   9465 80
   8784 81
   7359 82
   6480 83
   6150 84
   5878 85
   6022 86
   5999 87
   5893 88
   5936 89
   6205 90
   6624 91
   6500 92
   6726 93
   6790 94
   6990 95
   6777 96
   6961 97
  11145 98
  27564 99
