 520431 100
9874859 101
  20157 36
  17268 37
  14335 38
  10568 39
   9699 40
   8391 41
   7653 42
   7056 43
   7026 44
   6934 45
   6596 46
   6893 47
   6595 48
   6593 49
   6361 50
   6334 51
   6386 52
   6525 53
   6708 54
   6922 55
   7045 56
   6945 57
   7285 58
   7391 59
   7576 60
   7699 61
   7934 62
   7851 63
   7757 64
   7628 65
   7809 66
   7904 67
   7743 68
   7748 69
   8040 70
  10910 71
   8079 72
   8437 73
   7616 74
   7547 75
   7123 76
   8696 77
   7352 78
  11482 79
  11562 80
  14363 81
  15416 82
  14850 83
  13941 84
  13907 85
  11841 86
  10945 87
   9967 88
   9477 89
   9048 90
   8965 91
   8914 92
   9300 93
   9133 94
   8954 95
   9285 96
  11167 97
  16908 98
  54455 99
